
16914
23281
5130
22534
11900
31889
15897
30164
17633
6586
4695
6346
8341
11983
21196
3767
11520
26490
11109
4266
10864
18740
31590
32401
5023
25848
28453
9500
29570
2732
12071
14109
32445
20814
28553
3799
31816
378
2083
21226
15931
27040
7565
6589
25241
23461
26233
19670
5263
24876
16511
22062
31068
12158
31521
18379
5925
7191
11340
22666
25720
7908
3218
24438
23159
8170
31004
12784
12567
2791
31481
8340
25847
11102
21910
31362
28558
24989
7743
26835
7777
2530
4364
12302
5843
12622
14141
25613
17485
14387
31204
22962
21916
18189
31944
26995
20015
6109
22700
24335
1206
7410
31498
30890
16092
1125
19174
24332
24714
22343
19839
29505
2079
25688
28389
23393
32111
9024
29539
13958
20695
2355
17045
30032
11394
22575
11836
8298
20073
2392
14384
1747
22005
2423
2062
11789
7274
8428
4946
9056
20070
17759
7458
215
25586
31141
31233
6871
20738
7160
30097
9797
8693
3774
784
17064
21326
22313
32368
4574
18131
3515
10481
5054
22792
28542
1798
26117
3273
12804
28723
23488
26202
15661
881
13090
17919
10439
16291
3848
11701
5299
16196
18129
26576
16555
25505
7409
27201
5197
2605
26543
19754
9842
18636
32191
22067
1824
28496
15795
28605
16147
9296
22228
15227
14764
29024
6456
31462
23806
20744
5109
22319
2900
